[gd_scene load_steps=15 format=3 uid="uid://jt4rggp6n54m"]

[ext_resource type="Texture2D" uid="uid://bhx8xkkepyd6x" path="res://Texture/meadow_2_2k_blured.png" id="1_6241y"]
[ext_resource type="Script" path="res://free_look_camera.gd" id="2_085e3"]
[ext_resource type="PackedScene" uid="uid://dhnwxtdnnlwtq" path="res://Units/Bee.tscn" id="3_chp2v"]
[ext_resource type="PackedScene" uid="uid://crfda2rbexeo5" path="res://Units/Bumblebee.tscn" id="5_b5whs"]
[ext_resource type="Script" path="res://team_coordinator.gd" id="6_xgdn4"]
[ext_resource type="PackedScene" uid="uid://diiaoxtf66fke" path="res://Env/Export_ENV01.0002/SwarmFight_ENV01.0008.blend" id="7_r0nmv"]
[ext_resource type="PackedScene" uid="uid://c2stdkc1tkggk" path="res://Units/BadBee.tscn" id="7_r88s4"]

[sub_resource type="PanoramaSkyMaterial" id="PanoramaSkyMaterial_ubtvn"]
panorama = ExtResource("1_6241y")

[sub_resource type="Sky" id="Sky_tcg2v"]
sky_material = SubResource("PanoramaSkyMaterial_ubtvn")

[sub_resource type="Environment" id="Environment_7mhp3"]
background_mode = 2
sky = SubResource("Sky_tcg2v")
ambient_light_color = Color(0.451636, 0.655076, 0.793795, 1)
ambient_light_sky_contribution = 0.19
ambient_light_energy = 0.16

[sub_resource type="StandardMaterial3D" id="StandardMaterial3D_0jec6"]
transparency = 1
albedo_color = Color(0.39, 0.918667, 1, 0.0705882)

[sub_resource type="PlaneMesh" id="PlaneMesh_337uw"]
material = SubResource("StandardMaterial3D_0jec6")
size = Vector2(20, 15)

[sub_resource type="BoxShape3D" id="BoxShape3D_nwhtb"]
size = Vector3(20, 0, 15)

[sub_resource type="LabelSettings" id="LabelSettings_s5sui"]
outline_color = Color(0, 0, 0, 1)
shadow_color = Color(0, 0, 0, 1)

[node name="Base3d" type="Node3D"]
transform = Transform3D(1, 0, 0, 0, 1, 0, 0, 0, 1, 0.0161743, 1.90735e-06, -0.0341358)

[node name="Camera3D" type="Camera3D" parent="."]
transform = Transform3D(1, 0, 0, 0, 0.849975, 0.526822, 0, -0.526822, 0.849975, -0.274632, 8.48238, 13.4459)
environment = SubResource("Environment_7mhp3")
script = ExtResource("2_085e3")
sensitivity = 10.0
default_velocity = 50.0

[node name="DirectionalLight3D" type="DirectionalLight3D" parent="."]
transform = Transform3D(-0.285936, 0.904979, -0.315047, 0.170048, 0.371476, 0.912737, 0.94304, 0.207412, -0.260109, 34.845, 3.90357, 40.5642)
shadow_enabled = true
directional_shadow_max_distance = 302.5

[node name="TeamCoordinator" type="Node3D" parent="." node_paths=PackedStringArray("cam")]
script = ExtResource("6_xgdn4")
cam = NodePath("../Camera3D")
spawn_list = Array[PackedScene]([ExtResource("3_chp2v"), ExtResource("5_b5whs")])

[node name="PlacementPlane" type="MeshInstance3D" parent="TeamCoordinator"]
transform = Transform3D(2.37055, 0, 0, 0, 1, 0, 0, 0, 2.00591, 0.0118084, -0.0147629, 15.039)
mesh = SubResource("PlaneMesh_337uw")
skeleton = NodePath("../..")

[node name="Placement Plane" type="StaticBody3D" parent="TeamCoordinator/PlacementPlane"]

[node name="CollisionShape3D" type="CollisionShape3D" parent="TeamCoordinator/PlacementPlane/Placement Plane"]
shape = SubResource("BoxShape3D_nwhtb")

[node name="Cursor" type="Node3D" parent="TeamCoordinator"]
transform = Transform3D(1, 0, 0, 0, 1, 0, 0, 0, 1, -0.0189056, -0.067688, -0.075386)

[node name="Environment" parent="." instance=ExtResource("7_r0nmv")]
transform = Transform3D(1, 0, 0, 0, 1, 0, 0, 0, 1, 24.104, -0.25898, 0.0169678)

[node name="CanvasLayer" type="CanvasLayer" parent="."]
follow_viewport_enabled = true

[node name="Team Count" type="Label" parent="CanvasLayer"]
offset_left = 39.0
offset_top = 33.0
offset_right = 108.0
offset_bottom = 69.0
text = "Toast"
label_settings = SubResource("LabelSettings_s5sui")

[node name="BeeGroup" type="Node3D" parent="."]
visible = false

[node name="Bee" parent="BeeGroup" node_paths=PackedStringArray("coord") instance=ExtResource("7_r88s4")]
transform = Transform3D(-0.916559, 0, -0.398284, 0, 0.999355, 0, 0.398284, 0, -0.916559, 4.99222, 1.95169, -14.2003)
alignment_factor = 0.01
centering_factor = 0.1
coord = NodePath("../../TeamCoordinator")

[node name="Bee2" parent="BeeGroup" node_paths=PackedStringArray("coord") instance=ExtResource("7_r88s4")]
transform = Transform3D(-0.916559, 0, -0.398284, 0, 0.999355, 0, 0.398284, 0, -0.916559, 3.36484, 1.95169, -12.1964)
alignment_factor = 0.01
centering_factor = 0.1
coord = NodePath("../../TeamCoordinator")

[node name="Bee3" parent="BeeGroup" node_paths=PackedStringArray("coord") instance=ExtResource("7_r88s4")]
transform = Transform3D(-0.916559, 0, -0.398284, 0, 0.999355, 0, 0.398284, 0, -0.916559, 4.99222, 2.44444, -12.1708)
alignment_factor = 0.01
centering_factor = 0.1
coord = NodePath("../../TeamCoordinator")

[node name="Bee4" parent="BeeGroup" node_paths=PackedStringArray("coord") instance=ExtResource("7_r88s4")]
transform = Transform3D(-0.916559, 0, -0.398284, 0, 0.999355, 0, 0.398284, 0, -0.916559, 6.5496, 1.95169, -14.2003)
alignment_factor = 0.01
centering_factor = 0.1
coord = NodePath("../../TeamCoordinator")

[node name="Bee5" parent="BeeGroup" node_paths=PackedStringArray("coord") instance=ExtResource("7_r88s4")]
transform = Transform3D(-0.916559, 0, -0.398284, 0, 0.999355, 0, 0.398284, 0, -0.916559, 8.27929, 1.95169, -12.5178)
alignment_factor = 0.01
centering_factor = 0.1
coord = NodePath("../../TeamCoordinator")

[node name="Bee6" parent="BeeGroup" node_paths=PackedStringArray("coord") instance=ExtResource("7_r88s4")]
transform = Transform3D(-0.916559, 0, -0.398284, 0, 0.999355, 0, 0.398284, 0, -0.916559, 6.76515, 1.7027, -10.5381)
alignment_factor = 0.01
centering_factor = 0.1
coord = NodePath("../../TeamCoordinator")
